120

0.976590 0.526869 -1.053739
0.402679 -1.379269 0.526869
0.526869 -0.402679 -1.379269
0.201339 0.201339 1.503459
0.526869 0.402679 1.379269
0.852399 0.201339 -1.255078
1.379269 -0.526869 0.402679
0.526869 -0.402679 1.379269
-0.526869 -1.053739 0.976590
0.201339 -0.201339 1.503459
-1.053739 -0.976590 0.526869
-0.526869 1.053739 -0.976590
0.402679 1.379269 -0.526869
0.976590 -0.526869 1.053739
-1.255078 0.852399 -0.201339
1.503459 -0.201339 0.201339
-0.201339 -1.255078 0.852399
-0.201339 0.201339 1.503459
0.201339 1.503459 0.201339
-0.852399 0.201339 -1.255078
-0.526869 -1.053739 -0.976590
0.402679 -1.379269 -0.526869
0.651060 0.728209 1.177929
1.053739 -0.976590 -0.526869
-0.201339 -0.201339 1.503459
0.526869 -1.053739 0.976590
-0.201339 -1.503459 0.201339
0.526869 1.053739 0.976590
-1.503459 -0.201339 0.201339
1.177929 -0.651060 -0.728209
-1.255078 -0.852399 -0.201339
0.976590 0.526869 1.053739
1.053739 -0.976590 0.526869
-0.651060 0.728209 1.177929
-0.651060 0.728209 -1.177929
-0.852399 -0.201339 -1.255078
-1.053739 0.976590 0.526869
-0.201339 1.503459 -0.201339
-0.976590 0.526869 1.053739
-0.976590 -0.526869 -1.053739
-0.852399 0.201339 1.255078
-0.728209 1.177929 0.651060
-0.651060 -0.728209 1.177929
-0.201339 1.255078 0.852399
-1.379269 0.526869 -0.402679
-0.976590 -0.526869 1.053739
-0.201339 -1.503459 -0.201339
0.728209 -1.177929 -0.651060
1.379269 0.526869 -0.402679
-0.402679 1.379269 -0.526869
-0.201339 0.201339 -1.503459
1.379269 0.526869 0.402679
1.255078 0.852399 0.201339
0.201339 -1.503459 -0.201339
1.255078 -0.852399 0.201339
0.201339 1.503459 -0.201339
-0.651060 -0.728209 -1.177929
1.379269 -0.526869 -0.402679
-0.526869 -0.402679 1.379269
-1.255078 0.852399 0.201339
0.651060 -0.728209 1.177929
-1.379269 0.526869 0.402679
0.402679 1.379269 0.526869
0.852399 -0.201339 -1.255078
0.201339 -1.255078 0.852399
-1.177929 -0.651060 0.728209
-1.255078 -0.852399 0.201339
0.201339 -0.201339 -1.503459
-1.177929 0.651060 0.728209
1.053739 0.976590 0.526869
-0.402679 1.379269 0.526869
-1.379269 -0.526869 0.402679
-0.201339 1.255078 -0.852399
1.177929 0.651060 -0.728209
1.255078 0.852399 -0.201339
-1.379269 -0.526869 -0.402679
1.177929 -0.651060 0.728209
0.651060 0.728209 -1.177929
-0.402679 -1.379269 0.526869
-0.976590 0.526869 -1.053739
-1.177929 0.651060 -0.728209
1.053739 0.976590 -0.526869
-0.728209 1.177929 -0.651060
0.201339 -1.503459 0.201339
0.852399 -0.201339 1.255078
-0.526869 1.053739 0.976590
1.503459 -0.201339 -0.201339
-1.177929 -0.651060 -0.728209
1.255078 -0.852399 -0.201339
0.728209 1.177929 -0.651060
-1.503459 0.201339 -0.201339
-1.053739 0.976590 -0.526869
-0.201339 -1.255078 -0.852399
0.201339 -1.255078 -0.852399
0.526869 0.402679 -1.379269
-1.503459 -0.201339 -0.201339
0.728209 1.177929 0.651060
0.728209 -1.177929 0.651060
1.503459 0.201339 0.201339
0.201339 1.255078 -0.852399
-0.526869 0.402679 1.379269
-0.526869 0.402679 -1.379269
-0.402679 -1.379269 -0.526869
0.526869 1.053739 -0.976590
0.201339 0.201339 -1.503459
1.177929 0.651060 0.728209
-1.053739 -0.976590 -0.526869
1.503459 0.201339 -0.201339
-0.526869 -0.402679 -1.379269
0.651060 -0.728209 -1.177929
-0.728209 -1.177929 -0.651060
0.852399 0.201339 1.255078
0.526869 -1.053739 -0.976590
0.201339 1.255078 0.852399
-1.503459 0.201339 0.201339
-0.201339 -0.201339 -1.503459
-0.201339 1.503459 0.201339
-0.728209 -1.177929 0.651060
0.976590 -0.526869 -1.053739
-0.852399 -0.201339 1.255078

180

0 5
0 73
0 77
1 64
1 83
1 97
2 63
2 67
2 109
3 4
3 9
3 17
4 22
4 111
5 63
5 94
6 15
6 54
6 76
7 9
7 60
7 84
8 16
8 42
8 117
9 24
10 65
10 66
10 117
11 34
11 72
11 82
12 55
12 89
12 99
13 60
13 76
13 84
14 44
14 59
14 91
15 86
15 98
16 64
16 78
17 24
17 100
18 55
18 62
18 116
19 35
19 79
19 101
20 56
20 92
20 110
21 47
21 53
21 93
22 27
22 31
23 29
23 47
23 88
24 58
25 60
25 64
25 97
26 46
26 78
26 83
27 96
27 113
28 71
28 95
28 114
29 57
29 118
30 66
30 75
30 106
31 105
31 111
32 54
32 76
32 97
33 38
33 85
33 100
34 79
34 101
35 39
35 108
36 41
36 59
36 68
37 49
37 55
37 116
38 40
38 68
39 56
39 87
40 100
40 119
41 70
41 85
42 45
42 58
43 70
43 85
43 113
44 80
44 90
45 65
45 119
46 53
46 102
47 112
48 73
48 74
48 107
49 72
49 82
50 101
50 104
50 115
51 52
51 98
51 105
52 69
52 74
53 83
54 88
56 108
57 86
57 88
58 119
59 61
61 68
61 114
62 96
62 113
63 118
65 71
66 71
67 104
67 115
69 96
69 105
70 116
72 99
73 81
74 81
75 87
75 95
77 94
77 103
78 117
79 80
80 91
81 89
82 91
84 111
86 107
87 106
89 103
90 95
90 114
92 93
92 102
93 112
94 104
98 107
99 103
102 110
106 110
108 115
109 112
109 118

