48

0.329293 -1.456418 -0.329293
-0.329293 1.456418 -0.329293
-1.262605 0.329293 0.795949
0.329293 0.329293 1.456418
0.329293 1.456418 -0.329293
0.795949 0.660468 -1.127124
0.795949 -1.127124 0.660468
0.795949 -0.660468 1.127124
-0.795949 -1.127124 0.660468
0.329293 1.456418 0.329293
0.329293 -1.456418 0.329293
0.795949 1.127124 -0.660468
-0.795949 -0.660468 1.127124
1.262605 -0.795949 -0.329293
-0.329293 -1.456418 -0.329293
1.262605 0.329293 0.795949
-0.795949 0.660468 -1.127124
-0.329293 0.329293 1.456418
-0.795949 0.660468 1.127124
0.795949 0.660468 1.127124
-0.795949 -1.127124 -0.660468
-1.262605 0.795949 -0.329293
0.329293 0.329293 -1.456418
1.262605 -0.795949 0.329293
-0.329293 -0.329293 1.456418
-0.795949 -0.660468 -1.127124
-1.262605 -0.329293 0.795949
-0.795949 1.127124 -0.660468
1.262605 0.329293 -0.795949
-0.329293 0.329293 -1.456418
0.329293 -0.329293 1.456418
1.262605 0.795949 0.329293
1.262605 0.795949 -0.329293
-0.329293 -0.329293 -1.456418
-1.262605 -0.795949 -0.329293
0.795949 1.127124 0.660468
1.262605 -0.329293 -0.795949
-1.262605 -0.329293 -0.795949
-1.262605 0.795949 0.329293
-0.329293 -1.456418 0.329293
1.262605 -0.329293 0.795949
0.795949 -0.660468 -1.127124
-0.329293 1.456418 0.329293
0.329293 -0.329293 -1.456418
-0.795949 1.127124 0.660468
-1.262605 -0.795949 0.329293
0.795949 -1.127124 -0.660468
-1.262605 0.329293 -0.795949

72

0 10
0 14
0 46
1 4
1 27
1 42
2 18
2 26
2 38
3 17
3 19
3 30
4 9
4 11
5 11
5 22
5 28
6 7
6 10
6 23
7 30
7 40
8 12
8 39
8 45
9 35
9 42
10 39
11 32
12 24
12 26
13 23
13 36
13 46
14 20
14 39
15 19
15 31
15 40
16 27
16 29
16 47
17 18
17 24
18 44
19 35
20 25
20 34
21 27
21 38
21 47
22 29
22 43
23 40
24 30
25 33
25 37
26 45
28 32
28 36
29 33
31 32
31 35
33 43
34 37
34 45
36 41
37 47
38 44
41 43
41 46
42 44

