24

-1.320937 0.000000 0.773369
1.320937 0.773369 0.000000
-0.547568 1.320937 -0.547568
0.547568 0.547568 1.320937
1.320937 0.000000 0.773369
0.547568 -0.547568 -1.320937
-1.320937 -0.773369 0.000000
0.547568 -0.547568 1.320937
0.547568 -1.320937 0.547568
0.547568 1.320937 0.547568
0.547568 1.320937 -0.547568
-0.547568 -0.547568 -1.320937
0.547568 -1.320937 -0.547568
-1.320937 0.000000 -0.773369
0.547568 0.547568 -1.320937
-0.547568 -1.320937 -0.547568
-0.547568 0.547568 -1.320937
-0.547568 0.547568 1.320937
1.320937 0.000000 -0.773369
1.320937 -0.773369 0.000000
-0.547568 1.320937 0.547568
-1.320937 0.773369 0.000000
-0.547568 -0.547568 1.320937
-0.547568 -1.320937 0.547568

48

0 6
0 17
0 21
0 22
1 4
1 9
1 10
1 18
2 10
2 16
2 20
2 21
3 4
3 7
3 9
3 17
4 7
4 19
5 11
5 12
5 14
5 18
6 13
6 15
6 23
7 8
7 22
8 12
8 19
8 23
9 10
9 20
10 14
11 13
11 15
11 16
12 15
12 19
13 16
13 21
14 16
14 18
15 23
17 20
17 22
18 19
20 21
22 23

