60

1.450773 -0.342465 0.342465
0.000000 -1.240025 0.897560
1.240025 -0.897560 0.000000
0.342465 0.342465 1.450773
0.342465 1.450773 -0.342465
-0.342465 -0.342465 -1.450773
1.108307 -0.555095 -0.897560
0.342465 -0.342465 1.450773
0.555095 -0.897560 1.108307
1.108307 -0.555095 0.897560
0.000000 -1.240025 -0.897560
0.897560 1.108307 -0.555095
0.555095 0.897560 -1.108307
-1.450773 0.342465 0.342465
1.450773 0.342465 -0.342465
-0.897560 1.108307 0.555095
0.897560 -1.108307 0.555095
-0.342465 0.342465 1.450773
0.897560 0.000000 -1.240025
1.108307 0.555095 -0.897560
0.897560 1.108307 0.555095
0.342465 -1.450773 -0.342465
0.555095 0.897560 1.108307
-0.897560 0.000000 -1.240025
-0.342465 -0.342465 1.450773
0.342465 -0.342465 -1.450773
-0.342465 1.450773 -0.342465
0.342465 -1.450773 0.342465
-0.897560 0.000000 1.240025
-1.108307 0.555095 -0.897560
0.342465 1.450773 0.342465
1.108307 0.555095 0.897560
-0.555095 -0.897560 1.108307
-0.897560 1.108307 -0.555095
-1.450773 0.342465 -0.342465
-0.897560 -1.108307 0.555095
-0.342465 -1.450773 0.342465
-1.108307 -0.555095 -0.897560
-1.108307 0.555095 0.897560
-1.240025 -0.897560 0.000000
0.000000 1.240025 -0.897560
-0.555095 -0.897560 -1.108307
-0.555095 0.897560 -1.108307
-1.450773 -0.342465 0.342465
1.450773 0.342465 0.342465
-1.108307 -0.555095 0.897560
0.000000 1.240025 0.897560
0.342465 0.342465 -1.450773
-0.342465 -1.450773 -0.342465
1.450773 -0.342465 -0.342465
-0.342465 1.450773 0.342465
-0.897560 -1.108307 -0.555095
1.240025 0.897560 0.000000
0.897560 0.000000 1.240025
-0.555095 0.897560 1.108307
-0.342465 0.342465 -1.450773
-1.450773 -0.342465 -0.342465
0.897560 -1.108307 -0.555095
0.555095 -0.897560 -1.108307
-1.240025 0.897560 0.000000

120

0 2
0 9
0 44
0 49
1 8
1 27
1 32
1 36
2 16
2 49
2 57
3 7
3 17
3 22
3 53
4 11
4 26
4 30
4 40
5 23
5 25
5 41
5 55
6 18
6 49
6 57
6 58
7 8
7 24
7 53
8 9
8 16
9 16
9 53
10 21
10 41
10 48
10 58
11 12
11 19
11 52
12 19
12 40
12 47
13 34
13 38
13 43
13 59
14 19
14 44
14 49
14 52
15 38
15 50
15 54
15 59
16 27
17 24
17 28
17 54
18 19
18 25
18 47
20 22
20 30
20 31
20 52
21 27
21 48
21 57
22 31
22 46
23 29
23 37
23 55
24 28
24 32
25 47
25 58
26 33
26 40
26 50
27 36
28 38
28 45
29 33
29 34
29 42
30 46
30 50
31 44
31 53
32 35
32 45
33 42
33 59
34 56
34 59
35 36
35 39
35 45
36 48
37 41
37 51
37 56
38 54
39 43
39 51
39 56
40 42
41 51
42 55
43 45
43 56
44 52
46 50
46 54
47 55
48 51
57 58

