24

0.585066 -1.981769 -1.078357
1.981769 -0.585066 1.078357
1.981769 -1.078357 -0.585066
0.585066 -1.078357 1.981769
1.078357 0.585066 1.981769
1.078357 -1.981769 0.585066
0.585066 1.981769 1.078357
-0.585066 1.981769 -1.078357
-1.981769 1.078357 -0.585066
-1.981769 -0.585066 -1.078357
-1.078357 0.585066 -1.981769
-1.078357 -1.981769 -0.585066
-0.585066 -1.078357 -1.981769
1.078357 -0.585066 -1.981769
-0.585066 -1.981769 1.078357
1.981769 1.078357 0.585066
-1.078357 -0.585066 1.981769
-1.981769 -1.078357 0.585066
-1.981769 0.585066 1.078357
-1.078357 1.981769 0.585066
-0.585066 1.078357 1.981769
0.585066 1.078357 -1.981769
1.078357 1.981769 -0.585066
1.981769 0.585066 -1.078357

60

0 2
0 5
0 11
0 12
0 13
1 2
1 3
1 4
1 5
1 15
2 5
2 13
2 23
3 4
3 5
3 14
3 16
4 6
4 15
4 20
5 14
6 15
6 19
6 20
6 22
7 8
7 10
7 19
7 21
7 22
8 9
8 10
8 18
8 19
9 10
9 11
9 12
9 17
10 12
10 21
11 12
11 14
11 17
12 13
13 21
13 23
14 16
14 17
15 22
15 23
16 17
16 18
16 20
17 18
18 19
18 20
19 20
21 22
21 23
22 23

