60

0.767724 -0.698102 1.123361
-0.274725 -1.379269 0.604018
-0.427141 -0.946483 1.123361
1.185456 -0.095965 0.963418
-1.226853 -0.846754 0.344347
-0.152416 -1.516631 -0.122309
-0.588965 -1.275777 -0.604018
1.226853 0.686812 -0.604018
0.427141 1.428192 -0.344347
0.457247 -1.097017 -0.963418
-0.457247 0.370690 1.411257
0.901323 0.515579 1.123361
-1.016105 -0.619072 0.963418
0.588965 -0.030107 1.411257
0.274725 -1.157231 0.963418
0.152416 -0.568266 1.411257
-0.492999 -0.321767 1.411257
0.492999 -1.405612 -0.344347
-0.767724 -1.317173 0.122309
-1.226853 0.846754 -0.344347
0.210748 -0.549450 -1.411257
0.901323 -0.515579 -1.123361
0.767724 0.698102 -1.123361
-0.427141 0.946483 -1.123361
1.185456 0.095965 -0.963418
0.274725 1.157231 -0.963418
0.152416 0.568266 -1.411257
-1.016105 0.619072 -0.963418
-0.210748 -1.016105 -1.123361
0.588965 0.030107 -1.411257
-1.185456 -0.901323 -0.344347
-1.396204 0.165588 -0.604018
-1.490288 0.323648 0.122309
-0.767724 1.317173 -0.122309
-1.185456 0.901323 0.344347
-0.210748 1.016105 1.123361
0.210748 0.549450 1.411257
-0.901323 0.775251 0.963418
-1.033040 0.112901 1.123361
1.033040 0.954010 0.604018
-0.152416 1.516631 0.122309
1.016105 1.138414 -0.122309
1.396204 -0.613427 -0.122309
-1.396204 -0.165588 0.604018
-1.490288 -0.321767 -0.122309
1.396204 0.613427 0.122309
1.490288 -0.035752 0.344347
1.016105 -1.138414 0.122309
0.457247 1.097017 0.963418
1.226853 -0.686812 0.604018
0.427141 -1.428192 0.344347
-0.588965 1.275777 0.604018
-0.492999 0.323648 -1.411257
-0.457247 -0.370690 -1.411257
-1.033040 -0.112901 -1.123361
-0.901323 -0.775251 -0.963418
-0.274725 1.379269 -0.604018
1.033040 -0.954010 -0.604018
0.492999 1.405612 0.344347
1.490288 0.035752 -0.344347

150

0 3
0 13
0 14
0 15
0 49
1 2
1 5
1 14
1 18
1 50
2 12
2 14
2 15
2 16
3 11
3 13
3 46
3 49
4 12
4 18
4 30
4 43
4 44
5 6
5 17
5 18
5 50
6 18
6 28
6 30
6 55
7 22
7 24
7 41
7 45
7 59
8 25
8 40
8 41
8 56
8 58
9 17
9 20
9 21
9 28
9 57
10 16
10 35
10 36
10 37
10 38
11 13
11 36
11 39
11 48
12 16
12 38
12 43
13 15
13 36
14 15
14 50
15 16
16 38
17 47
17 50
17 57
18 30
19 27
19 31
19 32
19 33
19 34
20 21
20 28
20 29
20 53
21 24
21 29
21 57
22 24
22 25
22 26
22 29
23 25
23 26
23 27
23 52
23 56
24 29
24 59
25 26
25 56
26 29
26 52
27 31
27 52
27 54
28 53
28 55
30 44
30 55
31 32
31 44
31 54
32 34
32 43
32 44
33 34
33 40
33 51
33 56
34 37
34 51
35 36
35 37
35 48
35 51
36 48
37 38
37 51
38 43
39 41
39 45
39 48
39 58
40 51
40 56
40 58
41 45
41 58
42 46
42 47
42 49
42 57
42 59
43 44
45 46
45 59
46 49
46 59
47 49
47 50
47 57
48 58
52 53
52 54
53 54
53 55
54 55

