60

-0.498644 0.617190 -1.307765
-0.308595 -1.497814 0.000000
1.117716 -0.999170 0.308595
0.000000 0.308595 1.497814
-0.308595 -1.117716 0.999170
-1.497814 0.000000 0.308595
0.308595 -1.117716 0.999170
-0.999170 0.308595 -1.117716
0.308595 1.117716 -0.999170
0.617190 1.307765 -0.498644
-1.117716 -0.999170 0.308595
-1.117716 0.999170 -0.308595
-0.308595 -1.117716 -0.999170
-0.498644 -0.617190 -1.307765
-1.307765 -0.498644 0.617190
1.307765 0.498644 0.617190
-0.308595 1.497814 0.000000
1.307765 0.498644 -0.617190
-0.617190 1.307765 0.498644
-1.307765 -0.498644 -0.617190
1.497814 0.000000 0.308595
0.498644 -0.617190 1.307765
1.307765 -0.498644 -0.617190
0.000000 -0.308595 -1.497814
0.000000 -0.308595 1.497814
0.308595 1.117716 0.999170
-1.307765 0.498644 -0.617190
-0.617190 1.307765 -0.498644
0.308595 -1.497814 0.000000
1.307765 -0.498644 0.617190
-0.999170 -0.308595 -1.117716
0.999170 0.308595 1.117716
0.498644 0.617190 1.307765
1.117716 0.999170 -0.308595
-1.117716 -0.999170 -0.308595
0.498644 -0.617190 -1.307765
0.617190 -1.307765 0.498644
1.497814 0.000000 -0.308595
-0.999170 0.308595 1.117716
-1.307765 0.498644 0.617190
-0.498644 -0.617190 1.307765
1.117716 -0.999170 -0.308595
-0.308595 1.117716 0.999170
-0.498644 0.617190 1.307765
0.308595 1.497814 0.000000
-0.999170 -0.308595 1.117716
0.498644 0.617190 -1.307765
0.308595 -1.117716 -0.999170
0.999170 0.308595 -1.117716
0.999170 -0.308595 1.117716
-0.308595 1.117716 -0.999170
0.617190 1.307765 0.498644
1.117716 0.999170 0.308595
-0.617190 -1.307765 -0.498644
0.000000 0.308595 -1.497814
-1.497814 0.000000 -0.308595
0.999170 -0.308595 -1.117716
0.617190 -1.307765 -0.498644
-0.617190 -1.307765 0.498644
-1.117716 0.999170 0.308595

90

0 7
0 50
0 54
1 28
1 53
1 58
2 29
2 36
2 41
3 24
3 32
3 43
4 6
4 40
4 58
5 14
5 39
5 55
6 21
6 36
7 26
7 30
8 9
8 46
8 50
9 33
9 44
10 14
10 34
10 58
11 26
11 27
11 59
12 13
12 47
12 53
13 23
13 30
14 45
15 20
15 31
15 52
16 18
16 27
16 44
17 33
17 37
17 48
18 42
18 59
19 30
19 34
19 55
20 29
20 37
21 24
21 49
22 37
22 41
22 56
23 35
23 54
24 40
25 32
25 42
25 51
26 55
27 50
28 36
28 57
29 49
31 32
31 49
33 52
34 53
35 47
35 56
38 39
38 43
38 45
39 59
40 45
41 57
42 43
44 51
46 48
46 54
47 57
48 56
51 52

