60

1.091372 0.833583 0.673640
-0.673640 1.091372 0.833583
-0.257790 -1.349162 0.673640
0.257790 0.000000 1.507223
1.091372 -0.833583 0.673640
0.257790 1.349162 0.673640
-0.673640 -1.091372 0.833583
0.673640 -1.091372 0.833583
0.257790 -1.349162 -0.673640
0.257790 1.349162 -0.673640
-1.507223 0.257790 0.000000
-1.349162 -0.673640 0.257790
-0.673640 -0.257790 -1.349162
0.000000 1.507223 0.257790
1.507223 0.257790 0.000000
-0.257790 -1.349162 -0.673640
1.349162 -0.673640 -0.257790
-0.257790 0.000000 1.507223
0.673640 -1.091372 -0.833583
-0.673640 -1.091372 -0.833583
1.091372 0.833583 -0.673640
0.673640 -0.257790 1.349162
1.349162 0.673640 -0.257790
0.833583 -0.673640 -1.091372
-0.673640 -0.257790 1.349162
1.507223 -0.257790 0.000000
0.257790 0.000000 -1.507223
-0.257790 0.000000 -1.507223
-1.091372 0.833583 -0.673640
1.349162 -0.673640 0.257790
-1.091372 0.833583 0.673640
0.833583 0.673640 1.091372
-0.257790 1.349162 0.673640
0.673640 1.091372 -0.833583
-0.833583 -0.673640 -1.091372
1.091372 -0.833583 -0.673640
-1.091372 -0.833583 -0.673640
0.673640 -0.257790 -1.349162
-0.833583 0.673640 1.091372
-1.349162 -0.673640 -0.257790
-0.833583 0.673640 -1.091372
0.000000 -1.507223 -0.257790
0.673640 0.257790 1.349162
-0.673640 0.257790 1.349162
0.833583 0.673640 -1.091372
-0.833583 -0.673640 1.091372
0.833583 -0.673640 1.091372
-1.091372 -0.833583 0.673640
0.000000 -1.507223 0.257790
0.673640 0.257790 -1.349162
-1.349162 0.673640 -0.257790
0.257790 -1.349162 0.673640
1.349162 0.673640 0.257790
-0.673640 1.091372 -0.833583
-1.507223 -0.257790 0.000000
0.673640 1.091372 0.833583
-0.257790 1.349162 -0.673640
-0.673640 0.257790 -1.349162
0.000000 1.507223 -0.257790
-1.349162 0.673640 0.257790

90

0 31
0 52
0 55
1 30
1 32
1 38
2 6
2 48
2 51
3 17
3 21
3 42
4 7
4 29
4 46
5 13
5 32
5 55
6 45
6 47
7 46
7 51
8 15
8 18
8 41
9 33
9 56
9 58
10 50
10 54
10 59
11 39
11 47
11 54
12 27
12 34
12 57
13 32
13 58
14 22
14 25
14 52
15 19
15 41
16 25
16 29
16 35
17 24
17 43
18 23
18 35
19 34
19 36
20 22
20 33
20 44
21 42
21 46
22 52
23 35
23 37
24 43
24 45
25 29
26 27
26 37
26 49
27 57
28 40
28 50
28 53
30 38
30 59
31 42
31 55
33 44
34 36
36 39
37 49
38 43
39 54
40 53
40 57
41 48
44 49
45 47
48 51
50 59
53 56
56 58

