24

1.038685 0.430904 -1.038685
-0.430904 -1.467708 0.000000
-1.038685 -0.430904 -1.038685
0.430904 0.000000 1.467708
1.038685 0.430904 1.038685
-0.430904 1.467708 0.000000
-1.038685 -1.038685 0.430904
0.430904 -1.467708 0.000000
0.430904 1.467708 0.000000
1.038685 -0.430904 -1.038685
1.038685 1.038685 0.430904
-0.430904 0.000000 -1.467708
-1.038685 0.430904 1.038685
1.038685 -1.038685 0.430904
-1.038685 -1.038685 -0.430904
-1.038685 0.430904 -1.038685
1.038685 -1.038685 -0.430904
-0.430904 0.000000 1.467708
-1.038685 1.038685 -0.430904
-1.038685 1.038685 0.430904
-1.038685 -0.430904 1.038685
1.038685 -0.430904 1.038685
1.038685 1.038685 -0.430904
0.430904 0.000000 -1.467708

36

0 9
0 22
0 23
1 6
1 7
1 14
2 11
2 14
2 15
3 4
3 17
3 21
4 10
4 21
5 8
5 18
5 19
6 14
6 20
7 13
7 16
8 10
8 22
9 16
9 23
10 22
11 15
11 23
12 17
12 19
12 20
13 16
13 21
15 18
17 20
18 19

