24

-0.483591 -0.483591 1.367979
0.483591 0.483591 -1.367979
0.483591 -1.450773 0.000000
0.483591 0.483591 1.367979
-0.967182 -0.967182 -0.684930
0.483591 -0.483591 1.367979
0.967182 -0.967182 -0.684930
0.967182 -0.967182 0.684930
-1.450773 -0.483591 0.000000
0.967182 0.967182 -0.684930
0.483591 -0.483591 -1.367979
0.967182 0.967182 0.684930
-0.483591 -1.450773 0.000000
-1.450773 0.483591 0.000000
1.450773 0.483591 0.000000
-0.483591 -0.483591 -1.367979
-0.967182 0.967182 -0.684930
-0.483591 0.483591 1.367979
-0.483591 1.450773 0.000000
-0.967182 0.967182 0.684930
0.483591 1.450773 0.000000
1.450773 -0.483591 0.000000
-0.483591 0.483591 -1.367979
-0.967182 -0.967182 0.684930

36

0 5
0 17
0 23
1 9
1 10
1 22
2 6
2 7
2 12
3 5
3 11
3 17
4 8
4 12
4 15
5 7
6 10
6 21
7 21
8 13
8 23
9 14
9 20
10 15
11 14
11 20
12 23
13 16
13 19
14 21
15 22
16 18
16 22
17 19
18 19
18 20

