20

1.844290 -1.111367 -0.773540
1.512724 0.187108 -1.706329
-1.512724 -0.187108 1.706329
-1.844290 1.111367 0.773540
0.911500 -1.237287 1.695046
0.043450 2.162166 -0.747026
-0.043450 -2.162166 0.747026
-0.911500 1.237287 -1.695046
1.891178 1.034164 0.767362
0.608913 1.387200 1.714587
-0.608913 -1.387200 -1.714587
-1.891178 -1.034164 -0.767362
-2.078187 0.587858 -0.755285
-1.541703 -1.513119 0.753999
-0.003439 0.016634 -2.287928
0.533046 -2.084343 -0.778644
-0.533046 2.084343 0.778644
0.003439 -0.016634 2.287928
1.541703 1.513119 -0.753999
2.078187 -0.587858 0.755285

30

0 2
0 12
0 16
1 3
1 13
1 17
2 14
2 18
3 15
3 19
4 5
4 12
4 14
5 13
5 15
6 7
6 16
6 18
7 17
7 19
8 10
8 12
8 13
9 11
9 14
9 15
10 16
10 17
11 18
11 19

