60

0.794574 0.624655 2.921016
0.794574 0.624655 -2.921016
0.794574 -0.624655 2.921016
0.794574 -0.624655 -2.921016
-0.794574 0.624655 2.921016
-0.794574 0.624655 -2.921016
-0.794574 -0.624655 2.921016
-0.794574 -0.624655 -2.921016
2.921016 0.794574 0.624655
2.921016 0.794574 -0.624655
2.921016 -0.794574 0.624655
2.921016 -0.794574 -0.624655
-2.921016 0.794574 0.624655
-2.921016 0.794574 -0.624655
-2.921016 -0.794574 0.624655
-2.921016 -0.794574 -0.624655
0.624655 2.921016 0.794574
0.624655 2.921016 -0.794574
0.624655 -2.921016 0.794574
0.624655 -2.921016 -0.794574
-0.624655 2.921016 0.794574
-0.624655 2.921016 -0.794574
-0.624655 -2.921016 0.794574
-0.624655 -2.921016 -0.794574
0.000000 1.910303 2.429943
0.000000 1.910303 -2.429943
0.000000 -1.910303 2.429943
0.000000 -1.910303 -2.429943
2.429943 0.000000 1.910303
2.429943 0.000000 -1.910303
-2.429943 0.000000 1.910303
-2.429943 0.000000 -1.910303
1.910303 2.429943 0.000000
1.910303 -2.429943 0.000000
-1.910303 2.429943 0.000000
-1.910303 -2.429943 0.000000
1.805287 1.010714 2.296361
1.805287 1.010714 -2.296361
1.805287 -1.010714 2.296361
1.805287 -1.010714 -2.296361
-1.805287 1.010714 2.296361
-1.805287 1.010714 -2.296361
-1.805287 -1.010714 2.296361
-1.805287 -1.010714 -2.296361
2.296361 1.805287 1.010714
2.296361 1.805287 -1.010714
2.296361 -1.805287 1.010714
2.296361 -1.805287 -1.010714
-2.296361 1.805287 1.010714
-2.296361 1.805287 -1.010714
-2.296361 -1.805287 1.010714
-2.296361 -1.805287 -1.010714
1.010714 2.296361 1.805287
1.010714 2.296361 -1.805287
1.010714 -2.296361 1.805287
1.010714 -2.296361 -1.805287
-1.010714 2.296361 1.805287
-1.010714 2.296361 -1.805287
-1.010714 -2.296361 1.805287
-1.010714 -2.296361 -1.805287

240

0 11
0 12
0 17
0 22
0 33
0 34
0 45
0 50
1 10
1 13
1 16
1 23
1 33
1 34
1 44
1 51
2 9
2 14
2 19
2 20
2 32
2 35
2 47
2 48
3 8
3 15
3 18
3 21
3 32
3 35
3 46
3 49
4 8
4 15
4 18
4 21
4 32
4 35
4 46
4 49
5 9
5 14
5 19
5 20
5 32
5 35
5 47
5 48
6 10
6 13
6 16
6 23
6 33
6 34
6 44
6 51
7 11
7 12
7 17
7 22
7 33
7 34
7 45
7 50
8 18
8 21
8 25
8 26
8 55
8 56
9 19
9 20
9 24
9 27
9 54
9 57
10 16
10 23
10 24
10 27
10 53
10 58
11 17
11 22
11 25
11 26
11 52
11 59
12 17
12 22
12 25
12 26
12 52
12 59
13 16
13 23
13 24
13 27
13 53
13 58
14 19
14 20
14 24
14 27
14 54
14 57
15 18
15 21
15 25
15 26
15 55
15 56
16 29
16 30
16 38
16 41
17 28
17 31
17 39
17 40
18 29
18 30
18 36
18 43
19 28
19 31
19 37
19 42
20 28
20 31
20 37
20 42
21 29
21 30
21 36
21 43
22 28
22 31
22 39
22 40
23 29
23 30
23 38
23 41
24 53
24 54
24 57
24 58
25 52
25 55
25 56
25 59
26 52
26 55
26 56
26 59
27 53
27 54
27 57
27 58
28 37
28 39
28 40
28 42
29 36
29 38
29 41
29 43
30 36
30 38
30 41
30 43
31 37
31 39
31 40
31 42
32 46
32 47
32 48
32 49
33 44
33 45
33 50
33 51
34 44
34 45
34 50
34 51
35 46
35 47
35 48
35 49
36 47
36 48
36 53
36 58
37 46
37 49
37 52
37 59
38 45
38 50
38 55
38 56
39 44
39 51
39 54
39 57
40 44
40 51
40 54
40 57
41 45
41 50
41 55
41 56
42 46
42 49
42 52
42 59
43 47
43 48
43 53
43 58
44 54
44 57
45 55
45 56
46 52
46 59
47 53
47 58
48 53
48 58
49 52
49 59
50 55
50 56
51 54
51 57

